kinematics:
  shoulder:
    x: 0
    y: 0
    z: 0.1626674105354209
    roll: -0
    pitch: 0
    yaw: -2.882808518636648e-08
  upper_arm:
    x: 0.0002123556797565321
    y: 0
    z: 0
    roll: 1.570974297466981
    pitch: 0
    yaw: -1.529152328667824e-06
  forearm:
    x: -0.4252012018557266
    y: 0
    z: 0
    roll: 3.140714604697681
    pitch: -3.141107684902319
    yaw: -3.141588130268495
  wrist_1:
    x: -0.3923411516116749
    y: -0.0009857597343655071
    z: 0.133720597915175
    roll: 0.007371653237100273
    pitch: -0.0001449596620111101
    yaw: -4.170226910371148e-06
  wrist_2:
    x: -1.330665573581475e-05
    y: -0.09962067798110312
    z: 0.0001372643509158133
    roll: 1.56941845759313
    pitch: 0
    yaw: 2.392409730149481e-07
  wrist_3:
    x: 5.120672418501924e-07
    y: 0.09954702560065816
    z: 0.0001147269894943237
    roll: 1.571948816665963
    pitch: 3.141592653589793
    yaw: 3.141592583847905
  hash: calib_9159839509279682377