kinematics:
  shoulder:
    x: 0
    y: 0
    z: 0.0893845921254435
    roll: -0
    pitch: 0
    yaw: -4.025317370723778e-05
  upper_arm:
    x: 0.0002730898695257202
    y: 0
    z: 0
    roll: 1.570676304469689
    pitch: 0
    yaw: -6.698925921262003e-05
  forearm:
    x: -0.4253074657852846
    y: 0
    z: 0
    roll: 3.14127765046387
    pitch: 3.140643712844152
    yaw: -3.14152183526151
  wrist_1:
    x: -0.3919497966358387
    y: -4.373208522374923e-05
    z: 0.1110620792638219
    roll: 0.0003937625088007036
    pitch: 0.001706084248486594
    yaw: -6.635982507371374e-05
  wrist_2:
    x: 5.221674115481441e-05
    y: -0.09487233979620983
    z: 5.011987956616177e-05
    roll: 1.570268039255966
    pitch: 0
    yaw: 4.690559642710078e-05
  wrist_3:
    x: 4.885022309742988e-05
    y: 0.08232249904287943
    z: 6.251163027391742e-06
    roll: 1.5708722618441
    pitch: 3.141592653589793
    yaw: -3.141585431863596
  hash: calib_8481515986494097408